[[[  0.00000000e+00   0.00000000e+00   9.22337204e+18]
  [  0.00000000e+00   1.00000000e+00   9.22337204e+18]
  [  0.00000000e+00   2.00000000e+00   9.22337204e+18]
  ..., 
  [  0.00000000e+00   3.57000000e+02   9.22337204e+18]
  [  0.00000000e+00   3.58000000e+02   9.22337204e+18]
  [  0.00000000e+00   3.59000000e+02   9.22337204e+18]]

 [[  0.00000000e+00   0.00000000e+00   9.22337204e+18]
  [  1.00000000e+01   1.00000000e+00   2.52200000e+03]
  [  0.00000000e+00   2.00000000e+00   9.22337204e+18]
  ..., 
  [  0.00000000e+00   3.57000000e+02   9.22337204e+18]
  [  9.00000000e+00   3.58000000e+02   2.47400000e+03]
  [  9.00000000e+00   3.59000000e+02   2.50975000e+03]]

 [[  0.00000000e+00   0.00000000e+00   9.22337204e+18]
  [  0.00000000e+00   1.00000000e+00   9.22337204e+18]
  [  9.00000000e+00   2.00000000e+00   2.70125000e+03]
  ..., 
  [  0.00000000e+00   3.57000000e+02   9.22337204e+18]
  [  9.00000000e+00   3.58000000e+02   2.60700000e+03]
  [  0.00000000e+00   3.59000000e+02   9.22337204e+18]]

 ..., 
 [[  0.00000000e+00   0.00000000e+00   9.22337204e+18]
  [  0.00000000e+00   1.00000000e+00   9.22337204e+18]
  [  0.00000000e+00   2.00000000e+00   9.22337204e+18]
  ..., 
  [  0.00000000e+00   3.57000000e+02   9.22337204e+18]
  [  0.00000000e+00   3.58000000e+02   9.22337204e+18]
  [  0.00000000e+00   3.59000000e+02   9.22337204e+18]]

 [[  0.00000000e+00   0.00000000e+00   9.22337204e+18]
  [  0.00000000e+00   1.00000000e+00   9.22337204e+18]
  [  0.00000000e+00   2.00000000e+00   9.22337204e+18]
  ..., 
  [  0.00000000e+00   3.57000000e+02   9.22337204e+18]
  [  0.00000000e+00   3.58000000e+02   9.22337204e+18]
  [  0.00000000e+00   3.59000000e+02   9.22337204e+18]]

 [[  0.00000000e+00   0.00000000e+00   9.22337204e+18]
  [  0.00000000e+00   1.00000000e+00   9.22337204e+18]
  [  0.00000000e+00   2.00000000e+00   9.22337204e+18]
  ..., 
  [  0.00000000e+00   3.57000000e+02   9.22337204e+18]
  [  0.00000000e+00   3.58000000e+02   9.22337204e+18]
  [  0.00000000e+00   3.59000000e+02   9.22337204e+18]]]